#MJD     ANGULAR SEPARATION (arcsec)  ERROR (arcsec)
58306.22  0.0234 0.001
58308.98  0.35   0.01     
58316.96  0.9    0.01     
58329.04  2.1    0.01     
58389.75  6.43   0.8      
58396.70  7.0    0.8      
58398.04  6.6    1.3      
58398.73  7.38   0.04     
58399.99  7.0    1.3      
58402.85  8.1    1.4      
58403.66  7.6    0.8      
58403.91  8.2    1.3      
58405.67  7.2    0.7      
58405.90  7.6    1.4      
58410.62  7.8    0.8      
58418.54  8.3    0.8      
58418.85  8.0    1.1      
58425.50  8.0    0.8            
58432.48  8.5    0.9      
58435.00  8.8140 0.06
58435.67  8.4    0.9      
58439.48  10.2   1.2                  
58440.90  8.8    0.3     
58446.45  10.8   1.3    
58454.43  11.0   2.2      
58518.00  12.817 0.22
