58090.78 4.068958910730182  0.10713160302327344
58097.8  4.33176873209123   0.08334109911395071
58103.92 3.8458435781765954 0.10041131992052849
58110.98 4.497296812726279  0.12080413868168763
58117.93 4.8588432924290315 0.17676624840648017
58123.8  5.29758142901984   0.09675670342032966
58130.93 5.81686115366517   0.16596315280736035
58139.73 6.4789344581451    0.1770090799716696
58222.83 9.446984765578629  0.48931596004404654
58252.79 11.555453030308934 0.08579108268136455
58255.37 11.330935294937147 0.11945424537057425
58393.36 16.519629982336408 0.12998694593149773